City_ID,City,Cloudiness,Country,Date,Humidity,Lat,Lng,Max Temp,Wind Speed
0,saint anthony,90,US,1555875088,76,43.97,-111.68,51.8,5.82
1,hermanus,0,ZA,1555875126,81,-34.42,19.24,64.0,5.99
2,cayenne,75,GF,1555873200,62,4.94,-52.33,86.0,11.41
3,katsuura,75,JP,1555873688,93,33.93,134.5,62.6,5.82
4,busselton,10,AU,1555875126,66,-33.64,115.35,43.0,8.59
5,cidreira,100,BR,1555875146,73,-30.17,-50.22,66.83,10.98
6,hobart,40,AU,1555875015,67,-42.88,147.33,59.0,12.75
7,mataura,21,NZ,1555875146,95,-46.19,168.86,45.95,2.19
8,kapaa,1,US,1555875047,69,22.08,-159.32,78.8,18.34
9,hasaki,75,JP,1555875128,93,35.73,140.83,55.4,3.36
10,laguna,75,MX,1555872120,30,27.52,-110.01,84.2,11.41
11,rikitea,56,PF,1555875147,81,-23.12,-134.97,79.61,13.62
12,punta arenas,40,CL,1555874587,58,-53.16,-70.91,53.6,27.51
13,new norfolk,40,AU,1555875135,67,-42.78,147.06,59.0,12.75
14,nanortalik,19,GL,1555875147,86,60.14,-45.24,30.65,10.71
15,brae,59,GB,1555872600,76,60.4,-1.35,55.4,14.99
16,jamestown,21,AU,1555875149,70,-33.21,138.6,54.77,7.78
17,ancud,90,CL,1555873200,81,-41.87,-73.83,50.0,5.82
18,dodge city,1,US,1555874732,15,37.75,-100.02,89.01,18.34
19,east london,90,ZA,1555869600,93,-33.02,27.91,60.8,4.7
20,victoria,75,BN,1555873200,88,5.28,115.24,84.0,3.36
21,chokurdakh,99,RU,1555875150,80,70.62,147.9,15.35,16.22
22,varzelandia,100,BR,1555875150,75,-15.7,-44.03,77.81,4.12
23,albany,40,US,1555875124,46,42.65,-73.75,71.6,10.29
24,iqaluit,20,CA,1555874562,62,63.75,-68.52,19.4,18.34
25,kulu,79,CD,1555875151,54,3.47,23.69,77.45,1.01
26,tarko-sale,99,RU,1555874928,88,64.92,77.78,30.0,4.0
27,luang prabang,0,LA,1555875151,57,19.89,102.14,75.83,1.52
28,shimoda,75,JP,1555875011,88,34.7,138.93,64.4,9.17
29,puerto ayora,75,EC,1555874216,70,-0.74,-90.35,86.0,11.41
30,yellowknife,20,CA,1555873366,58,62.45,-114.38,30.2,4.7
31,acapulco,5,MX,1555872360,62,16.86,-99.88,86.0,9.17
32,bethel,90,US,1555874400,79,60.79,-161.76,26.6,12.75
33,sangar,68,RU,1555875152,90,63.92,127.47,17.51,5.17
34,ribeira grande,40,PT,1555873200,77,38.52,-28.7,64.4,6.93
35,ushuaia,75,AR,1555873200,75,-54.81,-68.31,46.4,23.04
36,saint george,75,GR,1555874596,71,39.45,22.34,55.99,5.82
37,gondanglegi,50,ID,1555875153,93,-7.75,112.01,74.21,2.04
38,utica,75,US,1555875090,67,43.1,-75.23,59.0,8.05
39,kodiak,1,US,1555875126,3,39.95,-94.76,86.0,24.16
40,trinidad,18,UY,1555874938,42,-33.52,-56.9,70.83,8.77
41,elizabeth city,1,US,1555874907,48,36.3,-76.22,66.99,9.17
42,hefei,90,CN,1555873200,93,31.82,117.22,64.4,4.47
43,tala,20,MX,1555874717,13,20.65,-103.7,86.0,17.22
44,sao jose de ribamar,40,BR,1555873200,94,-2.56,-44.05,78.8,4.7
45,roebourne,2,AU,1555875154,19,-20.77,117.15,69.89,18.84
46,avarua,7,CK,1555873200,60,-21.21,-159.78,75.2,10.29
47,kaitong,2,CN,1555875154,16,44.81,123.15,49.37,13.0
48,barrow,0,AR,1555875155,58,-38.31,-60.23,59.63,8.39
49,saldanha,97,PT,1555875155,58,41.42,-6.55,57.47,3.09
50,longyearbyen,0,NO,1555872600,34,78.22,15.63,19.4,14.99
51,castro,90,CL,1555873200,81,-42.48,-73.76,50.0,5.82
52,port elizabeth,1,US,1555875099,52,39.31,-74.98,72.0,9.37
53,basse-terre,75,GP,1555873200,55,16.0,-61.73,86.0,12.75
54,vaini,3,IN,1555875156,77,15.34,74.49,74.93,2.13
55,arraial do cabo,0,BR,1555873200,66,-22.97,-42.02,89.6,8.05
56,chimore,100,BO,1555875156,73,-16.98,-65.13,81.41,1.77
57,cape town,0,ZA,1555875077,63,-33.93,18.42,64.0,24.16
58,fairbanks,1,US,1555874864,39,64.84,-147.72,45.0,9.17
59,souillac,0,FR,1555875104,59,45.6,-0.6,61.0,5.82
60,alenquer,75,BR,1555873200,79,-1.95,-54.74,86.0,6.93
61,bako,63,NG,1555875157,30,9.68,6.4,95.63,6.98
62,knurow,0,PL,1555875113,40,50.22,18.65,55.0,5.82
63,borovoy,95,RU,1555875157,94,63.23,52.89,35.87,7.18
64,santiago del estero,98,AR,1555875158,77,-27.8,-64.26,64.67,11.07
65,nome,1,US,1555875117,38,30.04,-94.42,80.01,11.41
66,fortuna,90,ES,1555875151,72,38.18,-1.13,59.0,32.21
67,dayong,41,PH,1555875158,78,11.74,122.04,81.59,17.81
68,petropavlovsk-kamchatskiy,75,RU,1555873200,74,53.05,158.65,30.2,2.24
69,havelock,75,US,1555875143,63,34.88,-76.9,66.0,13.87
70,kosino,62,RU,1555875158,89,58.41,51.28,39.83,3.51
71,upernavik,100,GL,1555875159,89,72.79,-56.15,17.51,13.42
72,thompson,90,CA,1555873980,86,55.74,-97.86,28.4,4.7
73,gravdal,0,NO,1555875013,62,59.79,5.78,59.0,13.87
74,congleton,0,GB,1555875133,37,53.16,-2.21,68.0,1.12
75,baker city,1,US,1555875129,35,44.77,-117.83,62.01,25.28
76,sovetskaya gavan,0,RU,1555875160,50,48.97,140.29,35.87,8.97
77,charyshskoye,5,RU,1555875160,70,51.4,83.56,27.23,4.05
78,koulamoutou,100,GA,1555875160,97,-1.13,12.47,71.87,3.02
79,torbay,90,CA,1555875096,87,47.66,-52.73,50.0,12.75
80,luwuk,100,ID,1555875065,99,-0.95,122.79,66.11,1.92
81,simbahan,79,PH,1555875160,77,6.3,120.58,83.21,9.69
82,russell,40,AR,1555873200,28,-33.01,-68.8,71.6,10.29
83,kahului,40,US,1555875160,65,20.89,-156.47,78.01,11.41
84,atid,97,RO,1555873200,62,46.45,25.05,54.0,2.24
85,ventspils,0,LV,1555872600,70,57.39,21.56,44.6,2.24
86,isangel,75,VU,1555869600,100,-19.55,169.27,75.2,9.17
87,thanh hoa,20,VN,1555873200,94,10.21,106.33,78.8,3.42
88,ibb,100,YE,1555875161,84,13.97,44.18,67.91,4.07
89,lavrentiya,86,RU,1555875161,88,65.58,-170.99,-0.32,6.71
90,saskylakh,92,RU,1555875162,97,71.97,114.09,4.01,8.43
91,hithadhoo,100,MV,1555874896,77,-0.6,73.08,83.25,15.93
92,konya,40,TR,1555872600,64,37.87,32.48,39.2,17.22
93,balad,99,ID,1555875162,92,-6.76,108.42,68.99,1.32
94,port alfred,100,ZA,1555875151,94,-33.59,26.89,62.01,9.8
95,bataipora,100,BR,1555875162,88,-22.3,-53.27,76.19,3.85
96,saint-philippe,1,CA,1555875113,72,45.36,-73.48,64.99,10.29
97,varzea da palma,100,BR,1555875163,66,-17.6,-44.73,78.17,1.9
98,boffa,41,GN,1555875163,75,10.18,-14.04,79.97,14.03
99,concarneau,16,FR,1555875152,55,47.88,-3.92,64.4,4.7
100,alofi,75,NU,1555873200,73,-19.06,-169.92,77.0,13.87
101,tura,94,IN,1555875163,52,25.52,90.21,76.91,4.38
102,nishihara,20,JP,1555875128,82,35.74,139.53,63.0,4.7
103,yulara,0,AU,1555873200,50,-25.24,130.99,53.6,6.93
104,tomatlan,0,MX,1555875164,55,19.93,-105.25,84.65,10.6
105,bima,100,ID,1555875164,97,-8.45,118.73,72.23,2.53
106,okhotsk,100,RU,1555875164,93,59.36,143.24,30.47,26.11
107,terbuny,19,RU,1555875164,40,52.15,38.28,47.75,2.48
108,lagoa,0,PT,1555874540,82,37.14,-8.45,69.01,6.93
109,bredasdorp,1,ZA,1555875126,72,-34.53,20.04,64.4,8.05
110,atuona,4,PF,1555874943,77,-9.8,-139.03,83.25,13.76
111,nemuro,100,JP,1555875165,74,43.32,145.57,39.83,8.9
112,yeppoon,40,AU,1555873200,77,-23.13,150.74,69.8,6.93
113,yerbogachen,99,RU,1555875165,93,61.28,108.01,21.65,3.29
114,kavieng,41,PG,1555875165,76,-2.57,150.8,82.49,1.07
115,thunder bay,75,CA,1555873200,58,48.41,-89.26,55.4,12.75
116,dikson,100,RU,1555875165,96,73.51,80.55,15.53,7.54
117,carnarvon,0,ZA,1555875166,58,-30.97,22.13,54.95,26.37
118,sao joao da barra,20,BR,1555873200,52,-21.64,-41.05,91.4,9.17
119,ahipara,100,NZ,1555874924,100,-35.17,173.16,57.99,11.56
120,hilo,20,US,1555875154,64,19.71,-155.08,80.01,3.36
121,marabba,38,SD,1555875166,7,12.35,32.18,86.63,17.22
122,karachi,40,PK,1555873200,74,24.87,67.03,80.6,11.41
123,ust-barguzin,99,RU,1555875166,79,53.41,109.03,29.75,5.48
124,yanam,100,IN,1555875166,69,16.73,82.22,79.43,2.13
125,kargil,0,PK,1555875167,71,34.56,76.13,25.07,3.13
126,narsaq,39,GL,1555872600,39,60.91,-46.05,44.6,6.93
127,prieska,30,ZA,1555875167,53,-29.67,22.74,64.85,13.85
128,saint-pierre,0,FR,1555875125,45,48.95,4.24,66.2,5.82
129,lompoc,1,US,1555875096,63,34.64,-120.46,68.0,17.22
130,hay river,20,CA,1555873200,60,60.82,-115.79,39.2,14.99
131,shaghat,75,AM,1555873200,60,39.57,45.91,44.6,18.34
132,kon tum,45,VN,1555875168,94,14.36,108.0,70.97,1.21
133,husavik,73,CA,1555875008,27,50.56,-96.99,64.99,3.0
134,klaksvik,100,FO,1555874400,100,62.23,-6.59,46.4,17.22
135,texarkana,1,US,1555875096,44,33.44,-94.04,82.99,10.29
136,vila velha,75,BR,1555874786,74,-3.71,-38.6,84.2,10.29
137,weymouth,90,US,1555875169,88,42.22,-70.94,69.01,4.7
138,pyapon,20,MM,1555875169,63,16.29,95.68,82.13,8.21
139,nyurba,47,RU,1555875169,93,63.29,118.35,16.79,3.87
140,clyde river,1,CA,1555869600,70,70.47,-68.59,1.4,17.22
141,smithers,90,CA,1555873200,45,54.78,-127.17,48.2,8.05
142,ola,100,RU,1555875170,80,59.58,151.3,30.47,8.93
143,ilabaya,19,PE,1555875170,70,-17.42,-70.51,68.81,8.88
144,bamiantong,0,CN,1555875170,31,44.93,130.53,35.87,3.98
145,touros,75,BR,1555873200,83,-5.2,-35.46,82.4,11.41
146,krasnoborsk,95,RU,1555875170,93,61.56,45.93,36.77,5.46
147,hualmay,16,PE,1555875170,94,-11.1,-77.61,68.63,12.82
148,thinadhoo,92,MV,1555875171,77,0.53,72.93,85.19,15.08
149,mahebourg,75,MU,1555874943,83,-20.41,57.7,80.6,17.22
150,faya,0,SA,1555873200,82,18.39,42.45,66.2,9.17
151,sulangan,34,PH,1555875171,73,11.14,123.72,80.33,10.96
152,luanshya,100,ZM,1555875171,94,-13.14,28.42,63.95,3.71
153,santa cruz,1,US,1555875065,55,36.97,-122.03,70.0,6.93
154,qaanaaq,100,GL,1555875174,91,77.48,-69.36,5.27,4.9
155,nandyal,1,IN,1555875174,37,15.47,78.48,90.59,12.24
156,nouadhibou,0,MR,1555873200,68,20.93,-17.03,68.0,21.92
157,tokur,2,RU,1555875174,91,53.13,132.9,21.47,5.06
158,la primavera,40,AR,1555873200,28,-32.92,-68.67,71.6,10.29
159,at-bashi,97,KG,1555875174,59,41.17,75.81,41.63,1.88
160,richards bay,100,ZA,1555875175,78,-28.77,32.06,72.77,20.58
161,ialibu,83,PG,1555875175,95,-6.28,143.99,63.77,2.51
162,hami,97,CN,1555875175,33,42.84,93.51,68.81,13.51
163,khokhryaki,57,RU,1555874118,67,56.92,53.32,37.0,2.75
164,kodinsk,84,RU,1555875175,90,58.6,99.18,19.85,7.65
165,drumnadrochit,0,GB,1555875011,67,57.34,-4.48,68.0,8.05
166,changji,100,CN,1555875175,97,32.07,116.17,61.79,4.23
167,swift current,1,CA,1555873200,22,50.29,-107.8,53.6,16.11
168,cabo san lucas,40,MX,1555875122,34,22.89,-109.91,90.0,12.75
169,tuktoyaktuk,20,CA,1555873200,79,69.44,-133.03,26.6,11.41
170,jimma,97,ET,1555875176,89,7.67,36.84,59.81,0.94
171,butaritari,100,KI,1555875176,80,3.07,172.79,82.85,19.06
172,khatanga,100,RU,1555875176,99,71.98,102.47,-8.06,3.09
173,inuvik,20,CA,1555873200,51,68.36,-133.71,39.2,8.05
174,ponta do sol,42,BR,1555875177,77,-20.63,-46.0,69.35,2.35
175,nantucket,90,US,1555875165,100,41.28,-70.1,62.6,3.36
176,pisco,0,PE,1555875052,30,-13.71,-76.2,75.99,10.29
177,bluff,61,AU,1555875177,86,-23.58,149.07,65.57,13.69
178,ballina,75,IE,1555875125,93,54.11,-9.15,55.0,11.41
179,maniitsoq,99,GL,1555875177,86,65.42,-52.9,29.03,15.3
180,pangnirtung,5,CA,1555873200,72,66.15,-65.72,10.4,6.93
181,sirnak,100,TR,1555875013,90,37.52,42.46,43.79,4.59
182,nikolskoye,0,RU,1555875104,60,59.7,30.79,46.99,4.47
183,lambarene,76,GA,1555874912,93,-0.7,10.22,78.03,4.81
184,sinjar,39,SY,1555875178,60,35.59,37.0,46.85,13.09
185,provideniya,86,RU,1555875178,69,64.42,-173.23,5.45,7.92
186,constitucion,90,MX,1555875016,7,23.99,-104.67,82.4,14.99
187,aberfeldy,0,GB,1555874231,55,56.62,-3.87,64.4,12.75
188,kaitangata,33,NZ,1555875178,92,-46.28,169.85,49.37,2.44
189,chapais,75,CA,1555873200,53,49.78,-74.86,50.0,9.17
190,san quintin,0,PH,1555875179,80,17.54,120.52,77.81,2.46
191,labuhan,66,ID,1555875179,92,-2.54,115.51,73.49,2.62
192,lubumbashi,100,CD,1555875152,94,-11.66,27.48,65.39,2.64
193,kongolo,100,CD,1555875179,80,-5.39,27.0,74.57,2.04
194,tulum,40,MX,1555875021,54,20.21,-87.46,82.4,6.93
195,sembakung,52,ID,1555875179,99,3.82,117.25,72.95,1.86
196,pitimbu,20,BR,1555873200,70,-7.47,-34.81,84.2,11.41
197,georgetown,40,GY,1555873200,70,6.8,-58.16,87.8,16.11
198,phalaborwa,1,ZA,1555873200,83,-23.95,31.14,69.8,8.05
199,san blas,20,MX,1555872180,22,21.54,-105.29,86.0,5.82
200,sawtell,40,AU,1555874893,93,-30.38,153.1,60.8,4.7
201,great bend,1,US,1555875049,37,38.36,-98.78,90.0,24.16
202,cockburn town,36,TC,1555875181,78,21.46,-71.14,79.43,14.83
203,verkh-usugli,100,RU,1555875181,38,52.7,115.17,29.93,4.63
204,san vicente de canete,1,PE,1555875181,85,-13.08,-76.38,70.97,10.31
205,beringovskiy,0,RU,1555875182,82,63.05,179.32,8.51,5.35
206,bhuj,0,IN,1555875182,57,23.25,69.67,80.51,12.53
207,bonthe,37,SL,1555875182,77,7.53,-12.5,83.39,7.92
208,ilulissat,75,GL,1555872600,86,69.22,-51.1,28.4,10.29
209,kokoda,76,PG,1555875182,90,-8.88,147.74,62.69,2.95
210,mersing,76,MY,1555875182,93,2.43,103.84,75.65,1.16
211,luanda,20,AO,1555869600,78,-8.83,13.24,82.4,5.82
212,sao paulo de olivenca,94,BR,1555875183,67,-3.38,-68.87,86.81,2.33
213,dingle,34,PH,1555875183,89,11.0,122.67,73.85,7.36
214,cap malheureux,75,MU,1555874943,83,-19.98,57.61,80.6,17.22
215,rio grande,40,BR,1555873200,56,-32.03,-52.1,71.6,8.05
216,kikwit,100,CD,1555875183,83,-5.04,18.82,74.93,5.99
217,moustheni,20,GR,1555874950,66,40.86,24.11,57.0,5.82
218,vardo,75,US,1555875164,48,39.62,-77.74,66.99,12.75
219,deputatskiy,96,RU,1555875184,97,69.3,139.9,13.55,4.52
220,pevek,5,RU,1555875184,90,69.7,170.27,-0.13,6.67
221,pasni,0,PK,1555875184,59,25.26,63.48,81.95,3.38
222,mayo,75,CA,1555873200,28,63.59,-135.9,46.4,9.17
223,manaure,75,CO,1555873200,74,11.78,-72.45,84.2,16.11
224,zhashkiv,1,UA,1555875185,60,49.25,30.1,45.05,7.05
225,praia da vitoria,75,PT,1555875103,77,38.73,-27.07,64.99,11.45
226,lebu,75,ET,1555869600,87,8.96,38.73,59.0,11.41
227,dhadar,0,IN,1555875188,23,28.33,75.06,87.89,5.17
228,koubia,63,GN,1555875188,34,11.59,-11.89,84.11,4.43
229,vaitape,100,PF,1555875189,73,-16.52,-151.75,83.75,6.26
230,kachug,93,RU,1555875189,80,53.96,105.89,27.05,4.94
231,itanagar,0,IN,1555875189,68,27.1,93.63,67.73,3.4
232,sibiti,100,CG,1555875189,97,-3.69,13.35,72.77,2.66
233,broken hill,75,AU,1555873200,76,-31.97,141.45,57.2,16.11
234,porto novo,40,BR,1555873200,42,-23.68,-45.44,84.2,2.24
235,bambous virieux,75,MU,1555874943,83,-20.34,57.76,80.6,17.22
236,dubai,0,AE,1555873200,24,25.27,55.3,93.2,8.05
237,gornozavodsk,100,RU,1555875190,96,58.37,58.33,35.69,3.58
238,rio tuba,42,PH,1555875190,75,8.51,117.43,84.11,8.75
239,zhigansk,80,RU,1555875190,89,66.77,123.37,15.35,7.43
240,tiksi,53,RU,1555875190,76,71.64,128.87,16.79,6.67
241,taoudenni,0,ML,1555875190,12,22.68,-3.98,83.21,11.61
242,nanchang,58,CN,1555875190,89,28.68,115.89,64.13,3.36
243,kidal,21,ML,1555875191,8,18.44,1.41,95.27,12.08
244,padang,100,ID,1555875191,71,-0.92,100.36,83.75,3.8
245,teacapan,0,MX,1555875191,80,22.54,-105.74,74.39,12.82
246,mount gambier,6,AU,1555873200,100,-37.83,140.78,44.6,5.82
247,esperance,75,TT,1555875133,62,10.24,-61.45,87.01,17.22
248,grande prairie,90,CA,1555873200,27,55.17,-118.79,50.0,6.93
249,imbituba,40,BR,1555873200,57,-28.24,-48.67,80.6,5.82
250,hofn,100,IS,1555875050,92,64.25,-15.21,29.21,3.76
251,kayerkan,75,RU,1555873200,84,69.35,87.76,8.6,22.37
252,jiuquan,0,CN,1555875141,20,39.73,98.49,59.99,6.17
253,ngorongoro,99,TZ,1555875192,80,-3.24,35.49,68.45,5.39
254,sola,0,FI,1555875126,60,62.78,29.36,43.0,4.7
255,high level,40,CA,1555873200,20,58.52,-117.13,55.4,12.75
256,crailsheim,0,DE,1555875127,31,49.14,10.07,66.99,5.82
257,tiarei,75,PF,1555875184,70,-17.53,-149.33,84.2,5.82
258,grindavik,75,IS,1555873200,70,63.84,-22.43,46.4,9.17
259,ghatampur,0,IN,1555875193,20,26.16,80.17,89.33,2.1
260,mamakan,85,RU,1555875193,80,57.82,114.02,15.89,3.06
261,kisangani,88,CD,1555875193,67,0.52,25.21,77.99,1.88
262,daulatpur,100,BD,1555875193,57,22.87,89.53,81.77,2.19
263,sterling,75,US,1555875185,45,39.0,-77.4,70.0,5.82
264,iberia,61,PE,1555875194,62,-11.41,-69.49,88.07,2.48
265,conde,54,BR,1555875194,93,-11.81,-37.61,75.47,3.49
266,severo-kurilsk,96,RU,1555875194,91,50.68,156.12,34.43,18.52
267,kruisfontein,75,ZA,1555875194,88,-34.0,24.73,58.37,6.11
268,ambulu,60,ID,1555875194,82,-8.35,113.61,80.69,7.34
269,quatre cocos,75,MU,1555874943,83,-20.21,57.76,80.6,17.22
270,ridgecrest,1,US,1555874930,20,35.62,-117.67,73.4,6.93
271,penzance,0,GB,1555875084,54,50.12,-5.53,63.0,8.05
272,athabasca,74,CA,1555875136,26,54.72,-113.29,55.31,6.04
273,palmer,90,US,1555875065,70,61.6,-149.11,46.4,8.05
274,osypenko,0,UA,1555873200,36,48.04,34.39,48.2,8.95
275,manokwari,100,ID,1555875195,83,-0.87,134.08,74.03,1.83
276,santa marta,40,CO,1555875071,66,11.24,-74.21,89.6,20.8
277,san juan,40,PH,1555875184,74,14.6,121.03,84.99,6.93
278,vila franca do campo,75,PT,1555875195,82,37.72,-25.43,60.8,11.41
279,tuatapere,1,NZ,1555875197,83,-46.13,167.69,51.35,9.42
280,puerto escondido,5,MX,1555872300,69,15.86,-97.07,82.4,11.41
281,chuy,0,UY,1555875198,62,-33.69,-53.46,64.13,15.19
282,faanui,100,PF,1555875198,73,-16.48,-151.75,83.75,6.26
283,chalmette,1,US,1555875008,31,29.94,-89.96,79.0,5.82
284,north bend,90,US,1555875090,76,43.41,-124.22,57.99,11.41
285,pizarro,90,CO,1555875198,84,4.95,-77.37,80.69,14.23
286,gao,91,ML,1555874994,25,16.28,-0.04,92.97,16.26
287,evensk,100,RU,1555875198,86,61.92,159.24,28.31,5.03
288,tucurui,59,BR,1555875037,83,-3.77,-49.67,81.41,2.51
289,mathbaria,100,BD,1555875198,54,22.29,89.96,82.67,3.33
290,srednekolymsk,27,RU,1555875199,80,67.46,153.71,22.91,12.95
291,arawa,100,NG,1555875199,82,7.05,3.9,81.41,5.5
292,hambantota,40,LK,1555870200,100,6.12,81.12,77.0,2.24
293,sijunjung,95,ID,1555875199,95,-0.69,100.95,66.29,1.41
294,imeni babushkina,36,RU,1555875199,93,59.76,43.13,39.11,4.38
295,progreso,20,UY,1555875025,59,-34.68,-56.22,64.99,5.82
296,salinas,1,US,1555875060,55,36.67,-121.66,70.0,9.17
297,oum hadjer,10,TD,1555875200,8,13.3,19.7,92.39,11.16
298,shenjiamen,80,CN,1555875200,97,29.96,122.3,65.57,9.28
299,houma,96,CN,1555875200,82,35.63,111.36,56.21,2.84
300,karratha,1,AU,1555875200,18,-20.74,116.85,71.69,17.92
301,khandyga,100,RU,1555875201,90,62.65,135.58,28.31,4.61
302,moree,100,AU,1555875058,68,-29.46,149.84,64.4,11.41
303,tefe,40,BR,1555873200,70,-3.35,-64.71,87.8,3.36
304,mint hill,1,US,1555875300,32,38.55,-91.75,82.99,13.87
305,okha,0,RU,1555875019,93,53.59,142.95,29.39,4.83
306,luderitz,0,NA,1555873200,72,-26.65,15.16,60.8,16.11
307,port hedland,87,AU,1555873200,32,-20.31,118.58,68.0,8.05
308,krasnohrad,41,UA,1555875201,50,49.38,35.45,46.31,6.71
309,bayonet point,1,US,1555875194,38,28.33,-82.68,78.01,10.29
310,amapa,20,HN,1555875173,51,15.09,-87.97,86.0,11.41
311,griffith,90,AU,1555873200,100,-34.29,146.06,63.0,3.36
312,santa barbara,1,US,1555875021,40,34.42,-119.7,68.0,4.7
313,usinsk,100,RU,1555875203,99,66.0,57.56,35.33,15.08
314,ixtapa,5,MX,1555875009,69,20.71,-105.21,81.0,11.41
315,hamilton,40,BM,1555875111,73,32.3,-64.78,73.99,17.22
316,backo petrovo selo,1,RS,1555875204,46,45.71,20.08,54.95,6.96
317,wadi maliz,40,TN,1555873200,82,36.47,8.55,66.2,14.99
318,taikang,8,CN,1555875204,20,46.86,124.44,45.05,7.67
319,dondo,20,MZ,1555869600,78,-19.62,34.74,78.8,6.93
320,narrabri,100,AU,1555873200,67,-30.33,149.78,60.8,4.7
321,khromtau,49,KZ,1555875204,49,50.26,58.44,43.79,6.78
322,iquitos,40,PE,1555873200,319,-3.75,-73.25,42.8,9.17
323,cherskiy,19,RU,1555875205,80,68.75,161.3,10.13,4.18
324,tanete,61,ID,1555875205,82,-3.94,119.78,81.59,15.68
325,tottori,100,JP,1555875205,89,35.5,134.23,56.39,2.37
326,nanzhou,40,TW,1555875048,100,22.49,120.51,78.01,2.24
327,tilichiki,0,RU,1555875205,67,60.47,166.1,25.97,5.86
328,santa cecilia,40,CO,1555873200,70,5.35,-76.12,86.0,5.82
329,saint-benoit,0,FR,1555875085,59,46.98,5.84,62.6,3.36
330,pasighat,75,IN,1555875206,78,28.06,95.33,57.11,3.47
331,noyabrsk,99,RU,1555875206,95,63.2,75.45,29.93,12.21
332,santiago,0,CL,1555874999,37,-33.44,-70.65,71.01,5.82
333,nabire,100,ID,1555875207,99,-3.36,135.5,71.69,1.05
334,kuryk,0,KZ,1555875207,57,43.18,51.68,48.65,1.32
335,vicosa,0,BR,1555875207,79,-20.75,-42.88,71.51,5.57
336,sur,0,OM,1555875207,43,22.57,59.53,86.45,11.59
337,yumen,0,CN,1555875207,41,40.29,97.04,60.89,13.91
338,mangrol,14,IN,1555875208,19,25.33,76.51,89.15,5.88
339,fukue,20,JP,1555874712,93,35.03,136.69,60.8,4.7
340,port hardy,90,CA,1555873620,81,50.7,-127.42,46.4,12.75
341,kirovsk,84,RU,1555875208,91,67.62,33.66,37.67,8.68
342,mar del plata,9,AR,1555875208,32,-46.43,-67.52,65.03,5.41
343,nevers,0,FR,1555874886,52,46.99,3.16,64.4,3.47
344,arica,0,CL,1555873200,60,-18.48,-70.32,73.4,11.41
345,ust-tsilma,98,RU,1555875209,89,65.44,52.15,37.49,8.81
346,umea,100,SE,1555872600,100,63.83,20.26,37.4,3.36
347,timra,0,SE,1555874117,80,62.49,17.33,43.0,1.12
348,namibe,72,AO,1555875209,78,-15.19,12.15,73.13,5.79
349,severobaykalsk,100,RU,1555875209,98,55.65,109.32,20.21,5.64
350,chadiza,61,ZM,1555875209,70,-14.06,32.43,65.93,9.33
351,geraldton,20,CA,1555873200,52,49.72,-86.95,41.0,9.17
352,ilam,75,IR,1555873200,49,33.64,46.42,48.2,4.7
353,tual,10,ID,1555875210,77,-5.67,132.75,83.75,13.06
354,sitka,0,US,1555875095,15,37.17,-99.65,89.01,15.01
355,slave lake,20,CA,1555873200,18,55.28,-114.77,53.6,4.7
356,plettenberg bay,58,ZA,1555875121,89,-34.05,23.37,57.47,5.06
357,kenai,90,US,1555874824,74,60.55,-151.26,42.01,19.46
358,lovington,1,US,1555875085,9,32.94,-103.35,86.0,20.8
359,lata,0,IN,1555875211,67,30.78,78.62,22.19,11.01
360,airai,59,TL,1555875211,72,-8.93,125.41,73.31,6.24
361,aklavik,5,CA,1555873200,58,68.22,-135.01,39.2,3.36
362,clarksburg,75,US,1555875154,48,39.24,-77.28,69.01,5.82
363,buala,100,SB,1555875211,79,-8.15,159.59,82.67,10.98
364,port lincoln,100,AU,1555875211,59,-34.72,135.86,60.17,8.57
365,port macquarie,40,AU,1555875005,100,-31.43,152.91,59.0,1.86
366,tiznit,1,MA,1555875211,85,29.7,-9.73,63.77,20.62
367,shumskiy,99,RU,1555875212,65,54.83,99.13,29.03,11.97
368,saint-ambroise,0,FR,1555875134,63,47.25,-0.65,64.0,2.24
369,balassagyarmat,0,HU,1555875200,41,48.08,19.29,62.01,9.17
370,mutis,88,CO,1555875212,81,6.23,-77.4,80.87,10.92
371,adrar,0,DZ,1555873200,18,27.87,-0.29,78.8,18.34
372,riyadh,0,SA,1555873200,33,24.63,46.72,77.0,6.93
373,zunyi,65,CN,1555875213,88,27.73,106.92,63.95,3.31
374,puqi,3,CN,1555875213,84,29.72,113.88,61.25,4.94
375,ibimirim,98,BR,1555875213,49,-8.54,-37.69,81.77,10.47
376,rawlins,90,US,1555873800,47,41.79,-107.24,57.2,12.75
377,alta floresta,40,BR,1555873200,83,-9.87,-56.08,82.4,8.05
378,kasongo-lunda,100,CD,1555875214,96,-6.48,16.82,69.89,4.7
379,talas,75,TR,1555872600,69,38.69,35.55,37.4,2.24
380,glasgow,0,GB,1555874954,45,55.86,-4.24,64.0,9.17
381,mecca,0,SA,1555875093,48,21.43,39.83,72.41,11.88
382,buka,75,UZ,1555873200,93,40.82,69.2,53.6,9.17
383,tabuk,66,PH,1555875214,97,17.41,121.44,66.29,2.93
384,comodoro rivadavia,0,AR,1555873200,37,-45.87,-67.48,66.2,9.17
385,shanghai,75,CN,1555875124,93,31.23,121.49,69.01,4.47
386,cururupu,100,BR,1555875215,97,-1.82,-44.87,76.73,1.81
387,aasiaat,100,GL,1555875215,80,68.71,-52.87,25.43,15.41
388,barra dos coqueiros,40,BR,1555873200,66,-10.91,-37.04,84.2,8.05
389,karpathos,0,GR,1555872600,50,35.51,27.21,57.2,17.22
390,baie-comeau,1,CA,1555875087,86,49.22,-68.15,55.0,6.93
391,indianola,1,US,1555875076,31,40.24,-100.42,77.0,8.05
392,sar-e pul,1,AF,1555875216,60,36.22,65.93,55.13,1.99
393,tessalit,0,ML,1555875216,11,20.2,1.01,91.49,8.57
394,nelson bay,100,AU,1555875105,88,-32.72,152.14,69.01,6.93
395,humaita,75,AR,1555873200,64,-24.93,-65.37,78.8,8.05
396,prince rupert,90,CA,1555874040,76,54.32,-130.32,48.2,20.8
397,boa vista,97,BR,1555875008,35,2.82,-60.67,95.81,10.69
398,avera,40,US,1555875145,42,33.19,-82.53,73.0,11.41
399,launceston,98,AU,1555875072,93,-41.43,147.14,55.99,18.34
400,kudat,75,MY,1555873200,88,6.89,116.84,82.4,5.82
401,olinda,40,EC,1555875054,70,-2.03,-79.75,87.01,6.93
402,katherine,53,AU,1555873200,88,-14.47,132.26,68.0,4.7
403,kapit,43,MY,1555875219,95,2.02,112.94,73.67,0.54
404,norman wells,20,CA,1555873200,56,65.28,-126.83,41.0,11.41
405,sabang,52,PH,1555875219,76,13.72,123.58,80.15,12.95
406,chulman,22,RU,1555875219,85,56.84,124.9,8.15,3.98
407,minas,20,UY,1555873200,59,-34.38,-55.24,64.4,11.41
408,ramona,75,US,1555875217,55,33.04,-116.87,68.0,8.05
409,mahina,15,ML,1555875220,10,13.76,-10.85,98.15,5.39
410,sehithwa,10,BW,1555875220,49,-20.47,22.7,73.85,8.08
411,jumla,8,NP,1555875220,56,29.28,82.18,38.75,4.34
412,ninohe,75,JP,1555873200,81,40.27,141.31,46.4,5.82
413,mareeba,90,AU,1555875020,78,-16.99,145.42,77.0,9.17
414,likhoslavl,66,RU,1555875221,68,57.12,35.47,45.95,2.46
415,tambo,100,AU,1555875221,83,-24.88,146.25,65.57,9.15
416,vallenar,0,CL,1555875221,38,-28.58,-70.76,70.97,7.0
417,kavaratti,75,IN,1555875221,68,10.57,72.64,84.29,9.6
418,omboue,100,GA,1555875221,83,-1.57,9.26,82.85,10.65
419,noumea,0,NC,1555873200,83,-22.28,166.46,71.6,3.36
420,tasiilaq,75,GL,1555872600,88,65.61,-37.64,32.0,4.7
421,iskateley,100,RU,1555875222,100,67.68,53.15,34.97,15.9
422,saravan,75,AM,1555873200,97,39.72,45.65,44.6,18.34
423,kennett,1,US,1555875300,36,36.24,-90.06,77.0,9.17
424,mount isa,75,AU,1555873200,46,-20.73,139.49,73.4,9.17
425,cedar city,90,US,1555875086,54,37.68,-113.06,57.0,10.29
426,jalalpur pirwala,0,PK,1555875035,18,29.5,71.22,89.69,6.31
427,brookhaven,90,US,1555875040,82,40.78,-72.92,64.0,11.41
428,lakheri,76,IN,1555875223,18,25.67,76.19,90.77,7.65
429,sorong,83,ID,1555875223,94,-0.86,131.25,76.37,1.9
430,teeli,32,RU,1555875223,60,51.01,90.2,29.03,3.27
431,ziway,36,ET,1555875053,70,7.93,38.72,65.39,6.82
432,damghan,95,IR,1555875223,97,36.17,54.34,33.71,3.53
433,berlevag,40,NO,1555872600,64,70.86,29.09,37.4,19.46
434,acari,23,BR,1555875223,61,-6.44,-36.64,80.87,11.86
435,eenhana,45,NA,1555873200,30,-17.48,16.34,84.2,3.36
436,waddan,0,LY,1555875224,12,29.16,16.14,82.49,15.01
437,salalah,40,OM,1555872600,74,17.01,54.1,82.4,9.17
438,leningradskiy,100,RU,1555875224,89,69.38,178.42,1.85,20.49
439,antofagasta,0,CL,1555873200,59,-23.65,-70.4,66.2,13.87
440,sinnamary,77,GF,1555875224,76,5.38,-52.96,81.23,15.12
441,margate,40,AU,1555875195,67,-43.03,147.26,59.0,12.75
442,helena,90,US,1555875210,70,46.59,-112.04,46.4,12.75
443,caravelas,17,BR,1555875225,77,-17.73,-39.27,80.33,6.96
444,wundanyi,90,KE,1555875225,93,-3.4,38.37,69.71,9.8
445,pundaguitan,72,PH,1555875225,80,6.37,126.17,81.05,8.05
446,brownwood,1,US,1555874786,47,31.71,-98.99,80.6,18.34
447,letka,0,BA,1555873200,67,43.74,17.27,59.0,2.24
448,banyo,97,CM,1555875226,78,6.75,11.81,69.35,8.48
449,kulhudhuffushi,34,MV,1555875226,73,6.62,73.07,84.65,11.45
450,daito,75,JP,1555875210,93,34.71,135.64,64.99,2.24
451,semnan,20,IR,1555873200,31,35.58,53.39,60.8,4.7
452,bangui,29,CF,1555875226,63,4.39,18.55,80.15,3.13
453,portland,75,US,1555874945,58,45.52,-122.67,57.99,2.71
454,sao filipe,0,CV,1555875227,82,14.9,-24.5,71.69,17.4
455,erdenet,6,MN,1555875227,59,49.03,104.04,38.75,4.56
456,princeton,1,US,1555875220,31,41.37,-89.46,80.01,9.17
457,marechal deodoro,20,BR,1555873200,58,-9.71,-35.9,84.2,10.29
458,gorom-gorom,36,BF,1555875227,33,14.45,-0.24,92.21,7.2
459,lingao,1,CN,1555875227,84,19.91,109.69,79.97,7.27
460,pontianak,81,ID,1555875228,73,-0.02,109.34,83.21,4.81
461,egvekinot,91,RU,1555875228,81,66.32,-179.17,5.09,7.94
462,shache,0,CN,1555875165,47,38.42,77.24,68.0,1.01
463,vestmannaeyjar,100,IS,1555875050,76,63.44,-20.27,43.43,9.31
464,rock falls,1,US,1555875097,18,43.21,-93.08,82.4,19.46
465,pamplona,0,ES,1555875128,71,42.82,-1.64,59.0,8.05
466,nikki,100,BJ,1555875228,33,9.94,3.21,94.73,5.73
467,kieta,54,PG,1555875229,74,-6.22,155.63,82.67,3.4
468,sao raimundo das mangabeiras,55,BR,1555875229,76,-7.02,-45.48,81.41,4.12
469,le vauclin,20,MQ,1555875008,51,14.55,-60.84,84.2,16.11
470,marawi,100,PH,1555875073,86,8.0,124.29,75.99,4.0
471,chernyshevskiy,49,RU,1555875229,91,63.01,112.47,12.29,3.15
472,kendari,100,ID,1555875229,96,-3.99,122.52,74.39,2.68
473,necochea,44,AR,1555874486,63,-38.55,-58.74,63.0,5.01
474,mehran,75,IR,1555873200,49,33.12,46.17,48.2,4.7
475,miragoane,12,HT,1555874716,68,18.44,-73.09,87.01,5.03
476,ngunguru,0,NZ,1555875185,95,-35.62,174.5,55.0,13.09
477,mataram,100,ID,1555875230,96,-5.32,105.06,72.41,1.21
478,nuuk,75,GL,1555872600,69,64.17,-51.74,33.8,14.99
479,saint simons,1,US,1555875124,27,31.14,-81.39,77.0,14.99
480,puerto carreno,40,CO,1555873200,52,6.19,-67.49,93.2,8.34
481,lorengau,63,PG,1555875231,91,-2.02,147.27,78.71,2.3
482,san carlos de bariloche,0,AR,1555873200,27,-41.13,-71.31,64.4,6.93
483,leshukonskoye,100,RU,1555875231,90,64.9,45.76,38.21,9.91
484,peace river,90,CA,1555873200,22,56.23,-117.29,55.4,13.87
485,la ronge,75,CA,1555873200,65,55.1,-105.3,44.6,11.41
486,kununurra,20,AU,1555873200,88,-15.77,128.74,69.8,3.53
487,ordzhonikidze,91,UA,1555875232,71,44.96,35.36,42.71,6.69
488,acuitzio,0,MX,1555875232,14,20.34,-101.98,88.79,12.39
489,dombas,84,NO,1555875232,83,62.07,9.12,33.89,3.22
490,boyolangu,52,ID,1555875232,96,-8.09,111.9,72.23,2.77
491,banda aceh,72,ID,1555874977,73,5.56,95.32,85.59,7.23
492,bellevue,75,US,1555875232,62,47.61,-122.19,57.99,5.82
493,gorodishche,100,RU,1555874715,22,53.27,45.7,53.01,1.66
494,westport,75,IE,1555875184,93,53.8,-9.52,55.0,11.41
495,conceicao do araguaia,100,BR,1555875238,76,-8.26,-49.26,82.13,2.91
496,tecoanapa,5,MX,1555872360,62,16.99,-99.26,86.0,9.17
497,esfarayen,90,IR,1555873200,93,37.08,57.51,44.6,2.24
498,karwar,16,IN,1555875239,73,14.8,74.13,79.97,7.11
499,trincomalee,99,LK,1555875239,86,8.58,81.23,78.89,1.86
500,marsh harbour,0,BS,1555875239,53,26.54,-77.06,72.59,8.77
501,tigil,7,RU,1555875239,81,57.8,158.67,31.01,2.77
502,grand island,1,US,1555875209,41,40.92,-98.34,80.6,12.75
503,vao,0,EE,1555875239,62,59.1,26.19,43.79,5.59
504,waingapu,94,ID,1555875239,89,-9.65,120.26,75.11,9.15
505,graham,90,US,1555875039,39,36.07,-79.4,64.99,4.7
506,correia pinto,100,BR,1555875240,98,-27.59,-50.36,65.03,1.7
507,udachnyy,90,RU,1555873200,78,66.42,112.4,15.8,4.47
508,svetlogorsk,40,RU,1555873200,64,53.14,59.15,33.8,11.18
509,pedra azul,18,BR,1555875240,77,-16.01,-41.28,72.23,3.36
510,tamiami,20,US,1555874901,41,25.76,-80.4,82.99,6.93
511,codrington,90,AU,1555875161,93,-28.95,153.24,60.01,3.38
512,agadez,1,NE,1555872960,6,16.97,7.99,96.8,11.7
513,mehamn,100,NO,1555875241,82,71.03,27.85,39.11,30.47
514,narnaul,0,IN,1555875241,23,28.04,76.11,85.91,2.01
515,yar-sale,100,RU,1555875241,89,66.83,70.83,30.29,11.65
516,qasigiannguit,75,GL,1555872600,86,68.82,-51.19,28.4,10.29
517,teguise,20,ES,1555873200,68,29.06,-13.56,68.0,19.46
518,sisauli,0,IN,1555875241,28,29.42,77.47,82.13,4.5
519,goundam,0,ML,1555875242,13,16.42,-3.66,92.93,3.85
520,sevilla,0,ES,1555875079,55,37.39,-6.0,66.2,3.36
521,sonamura,100,IN,1555875242,57,23.47,91.27,80.15,4.25
522,bubaque,74,GW,1555875242,71,11.28,-15.83,76.91,18.07
523,sabha,0,LY,1555875242,10,27.03,14.43,82.49,18.39
524,grand gaube,75,MU,1555874943,83,-20.01,57.66,80.6,17.22
525,kemerovo,0,RU,1555873200,50,55.36,86.09,28.4,4.47
526,pathein,27,MM,1555875243,72,16.78,94.73,82.31,10.36
527,itarema,100,BR,1555875243,89,-2.92,-39.92,78.17,5.73
528,ugoofaaru,17,MV,1555875243,71,5.67,73.0,85.19,10.74
529,ust-nera,93,RU,1555875243,88,64.57,143.24,22.37,3.76
530,norrtalje,0,SE,1555875204,42,59.76,18.7,48.2,12.75
531,carutapera,100,BR,1555875243,92,-1.2,-46.02,78.35,5.41
532,roma,0,IT,1555875007,48,41.89,12.48,64.99,5.82
533,mzimba,48,MW,1555875244,85,-11.9,33.6,62.87,7.25
534,emba,20,CY,1555875062,54,34.81,32.42,59.0,16.11
535,indramayu,93,ID,1555875244,88,-4.05,103.78,70.07,2.98
536,sorland,75,NO,1555872600,81,67.67,12.69,42.8,6.93
537,meulaboh,66,ID,1555875244,79,4.14,96.13,82.13,2.51
538,cabildo,0,CL,1555873200,63,-32.43,-71.07,64.4,10.29
539,sibolga,100,ID,1555875245,76,1.74,98.78,83.03,2.89
540,gamba,81,CN,1555875245,43,28.28,88.52,27.05,4.18
541,gornyak,88,KZ,1555875245,55,51.0,81.46,35.87,3.42
542,ostrovnoy,100,RU,1555875245,91,68.05,39.51,38.21,19.55
543,kazachinskoye,1,RU,1555875245,90,57.69,93.28,19.67,7.74
544,lishu,40,CN,1555875246,17,43.31,124.32,52.61,11.25
545,loding,0,DE,1555874889,47,48.05,12.68,62.01,3.36
546,tateyama,83,JP,1555874994,95,36.66,137.31,57.0,3.0
547,hyeres,0,FR,1555875235,39,43.12,6.14,66.99,19.46
